# Form a vector by c()
# the three statements below are equal
x <- c(11, 232.4, 12.4, 4124.4, 0.5)
assign ("x" <- c(11, 232.4, 12.4, 4124.4, 0.5))


